#SECRET NETWORK
MNEMONIC="desk pigeon hammer sleep only mistake stool december offer patrol once vacant"
CODE_HASH="90984df210c5a88e55e4de115db283c047538e0e704ea1d03a7434528be7af63"
SECRET_ADDRESS="secret1ms3tt405tlh6un3w0kzmr6tzf7q50ksjgm54z4"
SECRET_PUBLIC_KEY=2,61,84,225,146,168,29,92,44,183,65,145,51,112,195,123,103,16,245,132,207,155,186,135,84,164,13,72,201,11,84,189,101

#EVM
PRIVATE_KEY="1e598c566f622120e4c617fb8fbfd3a064751bdabe20f50ca9fe646488910d40"
INFURA_KEY="7bb38f598ae5404ebc844325edec7c4e"
CONTRACT_ADDRESS="0x3575c7C4B48c53a834fcbbCd76EAF84e00F5E972"

ECC_PUBLIC_KEY=2,111,73,27,176,229,217,3,252,148,171,99,154,143,190,91,234,124,186,14,103,3,165,212,138,147,72,0,106,87,202,0,31
ECC_PRIVATE_KEY=166,219,101,208,64,35,155,17,250,155,194,158,53,77,151,65,56,191,60,240,162,47,84,20,99,87,205,42,164,123,21,12
